208 339 339
0.467168 0.679860 -0.271885
1.303652 0.960325 0.530403
1.596139 1.251743 0.506910
0.991756 0.713746 0.139693
1.222937 0.942791 0.092707
1.094028 1.505701 1.244177
0.220589 0.367963 -0.648107
-0.072502 0.079735 -0.970055
-0.080719 0.088939 -1.159060
0.324885 0.476534 -0.735698
1.445088 1.823464 0.921113
1.615549 1.206903 0.921113
0.367962 0.220589 -0.641727
0.088939 -0.080719 -1.159060
-0.080719 -0.088940 -1.159060
0.088939 0.080719 -1.159060
0.079735 0.072502 -0.970056
1.409538 1.097267 0.299809
0.837035 1.147704 0.335048
0.663134 0.479362 -0.528597
-0.591202 -0.000000 -0.446372
-0.767181 0.233584 -0.251017
-0.767181 -0.233584 -0.251017
-0.958876 0.316919 -0.321495
-0.748308 -0.000000 -0.528596
-0.958876 -0.316919 -0.321495
-0.523911 0.343879 -0.446372
-0.663135 0.479362 -0.528596
-0.523911 -0.343879 -0.446372
-0.663134 -0.479362 -0.528597
-1.295116 -0.000000 0.335048
-1.590581 -0.000000 0.299809
-1.380012 0.471395 0.092708
-1.380012 -0.471396 0.092707
-1.119138 0.356873 0.139693
-1.119138 -0.356873 0.139693
-0.837035 -1.147704 0.335048
-1.147704 -0.837036 0.335048
-1.097266 -1.409539 0.299809
-1.409538 -1.097267 0.299809
-1.147704 0.837036 0.335048
-0.837036 1.147704 0.335048
-1.409538 1.097267 0.299809
-1.097267 1.409538 0.299809
-0.467168 0.679859 -0.271885
-0.849736 0.633838 -0.321495
-0.633838 0.849735 -0.321495
-0.367963 0.220589 -0.641727
-0.079735 -0.072502 -0.970056
-0.088939 -0.080719 -1.159060
-0.476534 0.324886 -0.735698
-0.220589 0.367963 -0.648107
-0.324886 0.476534 -0.735698
0.072502 0.079735 -0.970055
0.080719 0.088939 -1.159060
-0.088939 0.080719 -1.159060
-0.079735 0.072502 -0.970055
-1.697881 -1.286208 1.292927
-1.823464 -1.445088 0.921113
-0.476533 -0.324886 -0.735698
-0.367962 -0.220589 -0.641727
-1.615549 -1.206903 0.921113
-1.505701 -1.094028 1.244177
-1.286207 -1.697881 1.292927
-1.445088 -1.823464 0.921113
-0.324885 -0.476534 -0.735698
0.080719 -0.088939 -1.159060
0.072502 -0.079735 -0.970055
-0.220589 -0.367963 -0.648107
-1.206903 -1.615550 0.921113
-1.094028 -1.505701 1.244177
-1.222937 -0.942791 0.092707
-0.942790 -1.222938 0.092707
-0.991756 -0.713746 0.139693
-0.713746 -0.991756 0.139693
-1.596139 -1.251743 0.506910
-0.849735 -0.633838 -0.321495
-1.251742 -1.596140 0.506910
-0.633838 -0.849736 -0.321495
-0.679859 -0.467168 -0.251017
-1.303652 -0.960325 0.530403
-0.467167 -0.679860 -0.271885
-0.960324 -1.303653 0.530403
-1.303653 0.960325 0.530403
-0.679859 0.467168 -0.251017
-0.960325 1.303653 0.530403
-1.596139 1.251743 0.506910
-1.251743 1.596139 0.506910
-0.991756 0.713746 0.139693
-0.713746 0.991756 0.139693
-1.222937 0.942790 0.092708
-0.942790 1.222937 0.092708
-1.505701 1.094028 1.244177
-1.615549 1.206903 0.921113
-1.823464 1.445088 0.921113
-1.697881 1.286207 1.292926
-1.094028 1.505701 1.244177
-1.206903 1.615549 0.921113
-1.445088 1.823464 0.921113
-1.286208 1.697881 1.292926
1.286208 -1.697881 1.292926
1.445088 -1.823464 0.921113
1.206903 -1.615550 0.921113
1.094028 -1.505701 1.244177
1.697881 -1.286208 1.292926
1.823464 -1.445088 0.921113
1.615549 -1.206903 0.921113
1.505701 -1.094028 1.244177
0.942790 -1.222938 0.092708
1.222937 -0.942791 0.092708
0.713746 -0.991756 0.139693
0.991756 -0.713746 0.139693
1.251743 -1.596140 0.506910
1.596139 -1.251743 0.506910
0.960325 -1.303653 0.530403
0.679859 -0.467168 -0.251017
1.303653 -0.960325 0.530403
0.960325 1.303653 0.530403
0.679859 0.467168 -0.251017
0.633838 0.849735 -0.321495
1.251743 1.596139 0.506910
0.849735 0.633838 -0.321495
0.713746 0.991756 0.139693
0.942790 1.222937 0.092707
1.206903 1.615549 0.921113
1.286208 1.697881 1.292927
0.476533 0.324886 -0.735698
0.079735 -0.072502 -0.970055
-0.072502 -0.079735 -0.970055
0.324886 -0.476534 -0.735698
0.220589 -0.367963 -0.648107
0.476534 -0.324886 -0.735698
0.367963 -0.220589 -0.641727
0.633838 -0.849736 -0.321495
0.849736 -0.633838 -0.321495
0.467168 -0.679859 -0.271885
1.097267 -1.409539 0.299809
1.409538 -1.097267 0.299809
0.837036 -1.147704 0.335048
1.147704 -0.837036 0.335048
1.097266 1.409538 0.299809
1.147704 0.837035 0.335048
1.119138 0.356873 0.139693
1.119138 -0.356873 0.139693
1.380012 0.471395 0.092707
1.380012 -0.471395 0.092708
1.590581 -0.000000 0.299809
1.295116 -0.000000 0.335048
0.523911 0.343879 -0.446372
0.663135 -0.479362 -0.528596
0.523911 -0.343879 -0.446372
0.958876 0.316919 -0.321495
0.748308 -0.000000 -0.528596
0.958876 -0.316919 -0.321495
0.767181 0.233584 -0.251017
0.767181 -0.233584 -0.251017
0.591202 -0.000000 -0.446372
1.697881 1.286208 1.292927
1.505701 1.094028 1.244177
1.823464 1.445088 0.921113
2.141881 0.000000 1.292927
1.899445 -0.000000 1.244177
2.038019 0.000000 0.921113
2.300304 0.000000 0.921113
1.970958 -0.863565 1.292927
1.970958 0.863565 1.292927
1.747869 -0.734535 1.244177
1.747869 0.734535 1.244177
1.875385 0.810320 0.921113
1.875385 -0.810320 0.921113
2.116739 0.970238 0.921113
2.116739 -0.970238 0.921113
-2.300304 -0.000000 0.921113
-2.141880 -0.000000 1.292927
-1.899445 -0.000000 1.244177
-2.038019 -0.000000 0.921113
-2.116739 -0.970239 0.921113
-2.116739 0.970238 0.921113
-1.970958 -0.863566 1.292927
-1.970958 0.863565 1.292927
-1.747869 -0.734535 1.244177
-1.747869 0.734535 1.244177
-1.875385 -0.810320 0.921113
-1.875385 0.810320 0.921113
0.810320 1.875385 0.921113
-0.810320 1.875385 0.921113
0.734535 1.747869 1.244177
-0.734535 1.747869 1.244177
0.863565 1.970958 1.292927
-0.863565 1.970958 1.292927
0.970238 2.116739 0.921113
-0.970238 2.116739 0.921113
0.000000 2.038019 0.921113
0.000000 1.899445 1.244177
-0.000000 2.141880 1.292927
-0.000000 2.300304 0.921113
-0.970238 -2.116739 0.921113
0.970238 -2.116739 0.921113
-0.810320 -1.875385 0.921113
0.810320 -1.875385 0.921113
0.734535 -1.747869 1.244177
-0.734535 -1.747869 1.244177
0.863565 -1.970958 1.292927
-0.863565 -1.970958 1.292927
0.000000 -2.300304 0.921113
0.000000 -2.038019 0.921113
-0.000000 -1.899445 1.244177
0.000000 -2.141881 1.292927
4
131 15 16 132 
4
14 129 131 15 
4
115 134 131 132 
4
7 127 12 6 
4
8 13 127 7 
4
124 11 158 5 
4
124 10 125 5 
4
118 3 4 121 
4
119 121 126 9 
4
0 118 3 122 
4
118 0 6 12 
4
120 117 124 10 
4
0 119 9 6 
4
1 2 159 11 
4
12 126 121 118 
4
128 14 15 16 
4
129 131 134 133 
4
111 109 134 115 
4
17 4 123 140 
4
141 1 117 18 
4
18 117 120 140 
4
17 2 1 141 
4
114 138 139 116 
3
111 143 145 
3
109 111 145 
3
143 145 146 
3
4 142 144 
3
19 119 9 
3
126 12 19 
3
149 129 133 
3
134 133 149 
3
149 131 129 
3
131 149 132 
3
149 115 134 
3
150 135 130 
3
150 132 149 
3
118 151 154 
3
151 156 154 
3
115 153 134 
3
121 4 144 
3
146 151 152 
3
142 154 156 
3
134 153 145 
3
143 155 156 
3
111 155 143 
3
111 115 155 
4
95 94 98 99 
4
48 47 51 53 
4
48 49 50 47 
4
93 94 95 92 
4
50 49 54 52 
4
53 51 52 54 
4
86 94 93 83 
4
50 45 84 47 
4
85 97 98 87 
4
51 44 46 52 
4
83 93 97 85 
4
60 68 67 56 
4
62 57 63 70 
4
65 68 67 66 
4
58 57 63 64 
4
55 66 65 59 
4
56 67 66 55 
4
62 61 69 70 
4
63 70 69 64 
4
59 60 56 55 
4
57 58 61 62 
4
76 78 72 71 
4
75 58 64 77 
4
74 72 78 81 
4
71 73 79 76 
4
59 65 78 76 
4
61 80 82 69 
4
73 74 81 79 
4
79 81 68 60 
4
69 82 77 64 
4
81 68 65 78 
4
58 75 80 61 
4
76 79 60 59 
4
93 92 96 97 
4
95 92 96 99 
4
97 96 99 98 
4
49 48 53 54 
4
45 50 52 46 
4
90 45 46 91 
4
94 86 87 98 
4
84 88 89 44 
4
47 84 44 51 
4
45 90 88 84 
4
44 89 91 46 
4
86 42 43 87 
4
72 71 39 38 
4
82 80 37 36 
4
77 82 36 38 
4
38 39 75 77 
4
36 37 73 74 
4
38 36 74 72 
4
37 39 71 73 
4
80 75 39 37 
4
42 90 91 43 
4
40 83 85 41 
4
88 40 41 89 
4
42 86 83 40 
4
90 42 40 88 
4
41 85 87 43 
4
89 41 43 91 
3
32 88 34 
3
32 90 88 
3
30 31 34 
3
31 32 34 
3
30 35 33 
3
30 33 31 
3
35 73 71 
3
35 71 33 
3
78 65 29 
3
78 29 76 
3
65 29 59 
3
60 59 29 
3
79 76 29 
3
68 81 28 
3
68 28 60 
3
81 28 79 
3
29 79 28 
3
29 28 60 
3
46 27 52 
3
46 45 27 
3
52 27 50 
3
47 50 27 
3
84 27 45 
3
51 44 26 
3
51 26 47 
3
44 84 26 
3
27 26 84 
3
27 26 47 
3
25 76 79 
3
25 79 22 
3
20 25 22 
3
24 25 20 
3
23 24 20 
3
21 23 20 
3
21 84 23 
3
23 84 45 
3
71 76 33 
3
33 76 25 
3
31 33 25 
3
24 31 25 
3
22 79 73 
3
22 73 35 
3
22 35 20 
3
20 35 30 
3
23 31 24 
3
23 32 31 
3
23 45 32 
3
32 45 90 
3
20 30 34 
3
20 34 21 
3
34 88 21 
3
21 88 84 
4
101 100 104 105 
4
130 128 16 132 
4
129 14 128 130 
4
101 112 114 102 
4
133 129 130 135 
4
102 114 116 106 
4
7 6 9 8 
4
125 157 159 10 
4
9 126 13 8 
4
127 13 126 12 
4
123 4 121 119 
4
10 159 2 120 
4
119 0 122 123 
4
117 1 11 124 
4
103 100 104 107 
4
100 101 102 103 
4
133 108 109 134 
4
112 101 105 113 
4
110 135 115 111 
4
135 115 132 130 
4
108 133 135 110 
4
136 112 113 137 
4
2 17 140 120 
4
3 141 18 122 
4
122 18 140 123 
4
4 17 141 3 
4
108 136 137 109 
4
138 110 111 139 
4
116 139 137 113 
4
139 111 109 137 
4
112 136 138 114 
4
136 108 110 138 
3
143 146 147 
3
142 147 144 
3
144 147 146 
3
3 142 4 
3
121 119 19 
3
19 9 126 
3
19 118 121 
3
6 0 148 
3
12 6 148 
3
118 0 148 
3
118 148 19 
3
148 19 12 
3
132 150 130 
3
150 115 135 
3
115 150 149 
3
121 118 151 
3
151 152 156 
3
152 153 156 
3
153 155 156 
3
115 155 153 
3
121 151 144 
3
144 151 146 
3
118 154 3 
3
3 154 142 
3
142 156 147 
3
146 153 152 
3
145 153 146 
3
134 109 145 
3
143 147 156 
4
104 107 106 105 
4
106 116 113 105 
4
158 11 159 157 
4
5 125 11 158 
4
5 158 157 125 
3
61 180 62 
3
61 182 180 
3
174 180 182 
3
174 182 175 
3
174 183 181 
3
174 175 183 
3
92 181 93 
3
93 181 183 
3
159 165 170 
3
157 165 159 
3
160 163 170 
3
160 170 165 
3
163 164 171 
3
160 164 163 
3
105 171 104 
3
104 171 164 
3
11 168 158 
3
158 168 167 
3
161 167 168 
3
161 168 162 
3
162 169 166 
3
107 166 169 
3
106 107 169 
4
102 106 107 103 
3
105 171 106 
3
106 169 171 
3
162 163 171 
3
162 171 169 
3
163 168 170 
3
162 168 163 
3
159 170 11 
3
11 170 168 
3
57 178 58 
3
58 178 176 
3
172 176 173 
3
173 176 178 
3
172 173 177 
3
173 177 179 
3
94 179 177 
3
94 95 179 
3
93 183 177 
3
93 177 94 
3
172 177 175 
3
175 177 183 
3
58 61 176 
3
61 176 182 
3
175 182 176 
3
172 175 176 
3
105 169 171 
3
106 169 105 
3
161 162 166 
3
206 205 201 
3
195 192 191 
3
192 185 191 
3
192 190 184 
3
195 190 192 
3
194 188 190 
3
195 194 190 
3
194 191 189 
3
195 191 194 
3
205 199 204 
3
204 199 197 
3
205 196 198 
3
205 204 196 
3
205 198 201 
3
206 199 205 
3
206 200 199 
3
207 203 204 
3
204 203 196 
3
207 197 202 
3
207 204 197 
3
193 192 184 
3
193 184 186 
3
193 185 192 
3
193 187 185 
3
69 198 196 
3
64 196 69 
3
70 201 198 
3
69 70 198 
3
63 196 203 
3
63 64 196 
3
103 199 200 
3
102 103 199 
3
101 197 102 
3
102 197 199 
3
100 197 101 
3
100 202 197 
3
124 184 190 
3
10 124 190 
3
124 186 184 
3
5 186 124 
3
10 190 188 
3
10 188 125 
3
98 191 185 
3
97 98 185 
3
96 97 185 
3
96 185 187 
3
98 189 191 
3
98 99 189 
4
63 203 201 70 
4
201 203 207 206 
4
206 207 202 200 
4
100 103 200 202 
4
104 164 166 107 
4
160 161 166 164 
4
160 165 167 161 
4
157 158 167 165 
4
57 62 180 178 
4
173 178 180 174 
4
173 174 181 179 
4
92 95 179 181 
4
96 187 189 99 
4
187 193 194 189 
4
186 188 194 193 
4
5 125 188 186 
